function image1 = eliminateskin(image1)

image1(90:100,:,:) = 0;
image1(:,95:100,:) = 0;
image1(:,1:12,:) = 0;
image1(1:15,:,:) = 0;
image1(15:30,:,65:92) = 0;
image1(25:50,:,80:92) = 0;
image1(1:23,:,52:92) = 0;
image1(85:100,94:100,:) = 0;
image1(80:100,1:17,:) = 0;
image1(1:23,70:100,:) = 0;
image1(1:20,1:25,:) = 0;
image1(75:100,82:100,:) = 0;
image1(1:30,1:18,:) = 0;
image1(1:33,86:100,:) = 0;
image1(:,1:20,73:92) = 0;
image1(:,92:100,:) = 0;
image1(:,1:16,68:73) = 0;
image1(:,88:100,66:92) = 0;
image1(:,88:100,49:66) = 0;
image1(:,1:18,65:92) = 0;